<?xml version="1.0"?>
<opencv_storage>
<RMS>2.4909561752277076e+00</RMS>
<K type_id="opencv-matrix">
  <rows>3</rows>
  <cols>3</cols>
  <dt>d</dt>
  <data>
    6.7917531315423400e+02 0. 1.5939696163224769e+03 0.
    6.8117938239968908e+02 1.2136833498786216e+03 0. 0. 1.</data></K>
<D type_id="opencv-matrix">
  <rows>4</rows>
  <cols>1</cols>
  <dt>d</dt>
  <data>
    7.6205672072427524e-02 9.0086336468470952e-03
    -3.6252750092649132e-02 9.1553724327418668e-03</data></D>
</opencv_storage>
