<?xml version="1.0"?>
<opencv_storage>
<RMS>1.8863483846401718e+00</RMS>
<K type_id="opencv-matrix">
  <rows>3</rows>
  <cols>3</cols>
  <dt>d</dt>
  <data>
    1.8953753377143362e+03 -2.1907595545379028e+01
    1.5259873978921953e+03 0. 1.8641300250165127e+03
    1.2498206697785602e+03 0. 0. 1.</data></K>
<Xi type_id="opencv-matrix">
  <rows>1</rows>
  <cols>1</cols>
  <dt>d</dt>
  <data>
    2.1544649392802926e+00</data></Xi>
<D type_id="opencv-matrix">
  <rows>1</rows>
  <cols>4</cols>
  <dt>d</dt>
  <data>
    1.8188201771011079e+00 -1.9075950240479951e+00
    -6.9178463859449174e-02 1.1243855602248751e-01</data></D>
</opencv_storage>
