<?xml version="1.0"?>
<opencv_storage>
<RMS>1.5722950769133233e+01</RMS>
<K type_id="opencv-matrix">
  <rows>3</rows>
  <cols>3</cols>
  <dt>d</dt>
  <data>
    1.0341090007248611e+03 0. 1.9196114288285896e+03 0.
    9.6146899796677246e+02 7.0053985492997344e+02 0. 0. 1.</data></K>
<D type_id="opencv-matrix">
  <rows>1</rows>
  <cols>5</cols>
  <dt>d</dt>
  <data>
    -1.7441853283822123e-01 -1.7980559099695700e-02
    6.8437474301412921e-02 -4.9230569159155857e-02
    4.2121031765393491e-03</data></D>
</opencv_storage>
